# 43 _5-1
3.000000000000000000e+00
4.000000000000000000e+00
5.000000000000000000e+00
6.000000000000000000e+00
7.000000000000000000e+00
8.000000000000000000e+00
1.200000000000000000e+01
1.300000000000000000e+01
1.400000000000000000e+01
1.900000000000000000e+01
2.000000000000000000e+01
2.700000000000000000e+01
2.800000000000000000e+01
3.100000000000000000e+01
3.200000000000000000e+01
3.900000000000000000e+01
4.000000000000000000e+01
4.300000000000000000e+01
4.400000000000000000e+01
4.700000000000000000e+01
4.800000000000000000e+01
